8777 0.068 8841 0.079 11165 0.853
9838 0.151 9835 0.045 9836 0.804
9986 0.037 9984 0.216 9982 0.746
10087 0.099 10090 0.828 9996 0.074
6846 0.866 6849 0.102 8028 0.031
8738 0.084 8736 0.158 8737 0.758
10085 0.084 10084 0.057 9845 0.859
9747 0.146 9754 0.407 9740 0.447
9975 0.156 12257 0.138 12258 0.706
3612 0.447 3626 0.407 3619 0.146
3854 0.746 3856 0.216 3858 0.037
3868 0.074 3962 0.828 3959 0.099
1900 0.031 721 0.102 718 0.866
2609 0.758 2608 0.158 2610 0.084
3717 0.859 3956 0.057 3957 0.084
3708 0.804 3707 0.045 3710 0.151
5037 0.853 2713 0.079 2649 0.068
7635 0.443 7636 0.143 7458 0.414
7578 0.141 7575 0.065 7574 0.794
7093 0.226 7090 0.351 7671 0.423
7572 0.053 7566 0.041 7565 0.907
7111 0.004 7108 0.996 7640 0.000
1512 0.000 980 0.996 983 0.004
1437 0.907 1438 0.041 1444 0.053
1543 0.423 962 0.351 965 0.226
1446 0.794 1447 0.065 1450 0.141
1330 0.414 1508 0.143 1507 0.443
12319 0.995 9970 0.005 9971 0.000
12329 0.995 6766 0.004 6764 0.000
12310 0.996 10070 0.003 10052 0.000
12287 0.000 12296 0.997 10055 0.003
10105 0.995 10106 0.003 9931 0.002
9478 0.126 10221 0.355 10225 0.519
12297 0.000 12298 0.998 10219 0.002
3350 0.170 3354 0.588 4097 0.242
3803 0.002 3978 0.003 3977 0.995
7426 0.992 7425 0.002 6708 0.006
7288 0.996 7289 0.002 7290 0.003
7164 0.004 7165 0.001 7404 0.995
11028 0.008 11027 0.974 6758 0.017
6736 0.005 6739 0.988 7181 0.008
6722 0.002 7307 0.994 7308 0.004
630 0.017 4899 0.974 4900 0.008
1276 0.995 1037 0.001 1036 0.004
1162 0.003 1161 0.002 1160 0.996
580 0.006 1297 0.002 1298 0.992
1180 0.004 1179 0.994 594 0.002
1053 0.008 611 0.988 608 0.005
10683 0.409 10653 0.584 10652 0.006
10720 0.000 10719 0.996 10673 0.004
10732 0.000 10731 0.997 10672 0.003
10711 0.002 12276 0.998 12279 0.000
4544 0.003 4603 0.997 4604 0.000
4545 0.004 4591 0.996 4592 0.000
4524 0.006 4525 0.584 4555 0.409
4685 0.003 4598 0.001 4599 0.996
4691 0.002 4593 0.995 4594 0.002
10702 0.000 12270 1.000 12284 0.000
10722 0.002 10721 0.995 10819 0.002
10727 0.996 10726 0.001 10813 0.003
11285 0.558 11286 0.312 10694 0.129
10805 0.997 10806 0.002 10801 0.000
10709 0.003 12285 0.997 12272 0.000
4673 0.000 4678 0.002 4677 0.997
4566 0.129 5158 0.312 5157 0.558
4689 0.998 4690 0.001 4687 0.001
12271 0.996 10704 0.004 10703 0.000
10815 0.001 10818 0.001 10817 0.998
